# Temperatura_=_18.852173913043472
# Concentracion g/m^3_=_11700.0
# C_Vs_to_Am_M_A/Vsm_=_254322799225.57578
# pendiente_HvsI_1/m_=_3716.3
# ordenada_HvsI_A/m_=_1297.0
# frecuencia_Hz_=_135515.63528563606
# Promedio de 23 ciclos

Tiempo_(s)	Campo_(V.s)	Magnetizacion_(V.s)	Campo_(kA/m)	Magnetizacion_(A/m)
0.000000e+00	-1.064630e-08	-5.025057e-09	-5.700308e+01	-1.743763e+03
1.000000e-08	-1.064620e-08	-5.025137e-09	-5.700271e+01	-1.743841e+03
2.000000e-08	-1.064555e-08	-5.024918e-09	-5.699915e+01	-1.743782e+03
3.000000e-08	-1.064398e-08	-5.024338e-09	-5.699062e+01	-1.743673e+03
4.000000e-08	-1.064134e-08	-5.023809e-09	-5.697637e+01	-1.743556e+03
5.000000e-08	-1.063783e-08	-5.023343e-09	-5.695759e+01	-1.743374e+03
6.000000e-08	-1.063377e-08	-5.022626e-09	-5.693591e+01	-1.743089e+03
7.000000e-08	-1.062919e-08	-5.021452e-09	-5.691136e+01	-1.742563e+03
8.000000e-08	-1.062392e-08	-5.019365e-09	-5.688315e+01	-1.741630e+03
9.000000e-08	-1.061780e-08	-5.017713e-09	-5.685031e+01	-1.741293e+03
1.000000e-07	-1.061062e-08	-5.016357e-09	-5.681179e+01	-1.741616e+03
1.100000e-07	-1.060220e-08	-5.013343e-09	-5.676660e+01	-1.740279e+03
1.200000e-07	-1.059250e-08	-5.008544e-09	-5.671448e+01	-1.737415e+03
1.300000e-07	-1.058204e-08	-5.006567e-09	-5.665833e+01	-1.735967e+03
1.400000e-07	-1.057134e-08	-5.009552e-09	-5.660091e+01	-1.739425e+03
1.500000e-07	-1.055999e-08	-5.011745e-09	-5.654004e+01	-1.741928e+03
1.600000e-07	-1.054756e-08	-5.006976e-09	-5.647335e+01	-1.736604e+03
1.700000e-07	-1.053442e-08	-5.013558e-09	-5.640286e+01	-1.738068e+03
1.800000e-07	-1.052077e-08	-5.039460e-09	-5.632954e+01	-1.750823e+03
1.900000e-07	-1.050597e-08	-5.042190e-09	-5.625016e+01	-1.750148e+03
2.000000e-07	-1.049001e-08	-5.015067e-09	-5.616462e+01	-1.736275e+03
2.100000e-07	-1.047348e-08	-4.990312e-09	-5.607604e+01	-1.730039e+03
2.200000e-07	-1.045638e-08	-4.984001e-09	-5.598433e+01	-1.732279e+03
2.300000e-07	-1.043843e-08	-4.994489e-09	-5.588808e+01	-1.732714e+03
2.400000e-07	-1.041980e-08	-5.015224e-09	-5.578821e+01	-1.737858e+03
2.500000e-07	-1.040064e-08	-5.042707e-09	-5.568545e+01	-1.751880e+03
2.600000e-07	-1.038072e-08	-5.055354e-09	-5.557869e+01	-1.754660e+03
2.700000e-07	-1.036008e-08	-5.045692e-09	-5.546813e+01	-1.746882e+03
2.800000e-07	-1.033886e-08	-5.029698e-09	-5.535441e+01	-1.744542e+03
2.900000e-07	-1.031680e-08	-5.007970e-09	-5.523622e+01	-1.739297e+03
3.000000e-07	-1.029388e-08	-4.981709e-09	-5.511344e+01	-1.725065e+03
3.100000e-07	-1.027043e-08	-4.963007e-09	-5.498780e+01	-1.718812e+03
3.200000e-07	-1.024645e-08	-4.959835e-09	-5.485930e+01	-1.722015e+03
3.300000e-07	-1.022172e-08	-4.968683e-09	-5.472675e+01	-1.721898e+03
3.400000e-07	-1.019621e-08	-4.983491e-09	-5.458994e+01	-1.725067e+03
3.500000e-07	-1.016982e-08	-4.999287e-09	-5.444844e+01	-1.735390e+03
3.600000e-07	-1.014247e-08	-5.011839e-09	-5.430195e+01	-1.739457e+03
3.700000e-07	-1.011447e-08	-5.018709e-09	-5.415193e+01	-1.738567e+03
3.800000e-07	-1.008591e-08	-5.015675e-09	-5.399889e+01	-1.741244e+03
3.900000e-07	-1.005663e-08	-5.007199e-09	-5.384192e+01	-1.739785e+03
4.000000e-07	-1.002659e-08	-5.001475e-09	-5.368095e+01	-1.733954e+03
4.100000e-07	-9.995822e-09	-4.993095e-09	-5.351610e+01	-1.733312e+03
4.200000e-07	-9.964320e-09	-4.983984e-09	-5.334744e+01	-1.731925e+03
4.300000e-07	-9.932265e-09	-4.980440e-09	-5.317585e+01	-1.727111e+03
4.400000e-07	-9.899695e-09	-4.971762e-09	-5.300139e+01	-1.725321e+03
4.500000e-07	-9.866352e-09	-4.959396e-09	-5.282263e+01	-1.723285e+03
4.600000e-07	-9.831994e-09	-4.955025e-09	-5.263835e+01	-1.719486e+03
4.700000e-07	-9.796704e-09	-4.949024e-09	-5.244922e+01	-1.717161e+03
4.800000e-07	-9.760753e-09	-4.934872e-09	-5.225674e+01	-1.714096e+03
4.900000e-07	-9.724279e-09	-4.926903e-09	-5.206142e+01	-1.710505e+03
5.000000e-07	-9.687183e-09	-4.920381e-09	-5.186268e+01	-1.707656e+03
5.100000e-07	-9.649363e-09	-4.906156e-09	-5.166009e+01	-1.703457e+03
5.200000e-07	-9.610849e-09	-4.895845e-09	-5.145377e+01	-1.699522e+03
5.300000e-07	-9.571682e-09	-4.889043e-09	-5.124401e+01	-1.696740e+03
5.400000e-07	-9.531916e-09	-4.875742e-09	-5.103108e+01	-1.692898e+03
5.500000e-07	-9.491582e-09	-4.864508e-09	-5.081503e+01	-1.689153e+03
5.600000e-07	-9.450516e-09	-4.857008e-09	-5.059499e+01	-1.686017e+03
5.700000e-07	-9.408482e-09	-4.844176e-09	-5.036972e+01	-1.681629e+03
5.800000e-07	-9.365497e-09	-4.830626e-09	-5.013934e+01	-1.677302e+03
5.900000e-07	-9.321792e-09	-4.820262e-09	-4.990522e+01	-1.673437e+03
6.000000e-07	-9.277553e-09	-4.807464e-09	-4.966839e+01	-1.668789e+03
6.100000e-07	-9.232772e-09	-4.794576e-09	-4.942855e+01	-1.664558e+03
6.200000e-07	-9.187363e-09	-4.784245e-09	-4.918533e+01	-1.660962e+03
6.300000e-07	-9.141301e-09	-4.771714e-09	-4.893870e+01	-1.656509e+03
6.400000e-07	-9.094621e-09	-4.758035e-09	-4.868870e+01	-1.652149e+03
6.500000e-07	-9.047310e-09	-4.745712e-09	-4.843527e+01	-1.647912e+03
6.600000e-07	-8.999342e-09	-4.732080e-09	-4.817833e+01	-1.642775e+03
6.700000e-07	-8.950667e-09	-4.717801e-09	-4.791757e+01	-1.637846e+03
6.800000e-07	-8.901171e-09	-4.704129e-09	-4.765233e+01	-1.633280e+03
6.900000e-07	-8.850745e-09	-4.689227e-09	-4.738218e+01	-1.628021e+03
7.000000e-07	-8.799394e-09	-4.674468e-09	-4.710725e+01	-1.622956e+03
7.100000e-07	-8.747243e-09	-4.660517e-09	-4.682805e+01	-1.618240e+03
7.200000e-07	-8.694430e-09	-4.645269e-09	-4.654527e+01	-1.612874e+03
7.300000e-07	-8.641032e-09	-4.629634e-09	-4.625944e+01	-1.607498e+03
7.400000e-07	-8.587074e-09	-4.614734e-09	-4.597070e+01	-1.602450e+03
7.500000e-07	-8.532599e-09	-4.598810e-09	-4.567917e+01	-1.596840e+03
7.600000e-07	-8.477636e-09	-4.582574e-09	-4.538489e+01	-1.590995e+03
7.700000e-07	-8.422136e-09	-4.566641e-09	-4.508772e+01	-1.585447e+03
7.800000e-07	-8.366040e-09	-4.549860e-09	-4.478752e+01	-1.579813e+03
7.900000e-07	-8.309334e-09	-4.532819e-09	-4.448403e+01	-1.574025e+03
8.000000e-07	-8.251944e-09	-4.516256e-09	-4.417669e+01	-1.568196e+03
8.100000e-07	-8.193787e-09	-4.499251e-09	-4.386523e+01	-1.562285e+03
8.200000e-07	-8.134910e-09	-4.481752e-09	-4.355001e+01	-1.556239e+03
8.300000e-07	-8.075393e-09	-4.463515e-09	-4.323140e+01	-1.549912e+03
8.400000e-07	-8.015285e-09	-4.444523e-09	-4.290969e+01	-1.543341e+03
8.500000e-07	-7.954650e-09	-4.425612e-09	-4.258519e+01	-1.536769e+03
8.600000e-07	-7.893553e-09	-4.406892e-09	-4.225816e+01	-1.530127e+03
8.700000e-07	-7.831965e-09	-4.387678e-09	-4.192853e+01	-1.523521e+03
8.800000e-07	-7.769830e-09	-4.368143e-09	-4.159611e+01	-1.516949e+03
8.900000e-07	-7.707216e-09	-4.348749e-09	-4.126108e+01	-1.510228e+03
9.000000e-07	-7.644143e-09	-4.329169e-09	-4.092350e+01	-1.503290e+03
9.100000e-07	-7.580573e-09	-4.309038e-09	-4.058325e+01	-1.496289e+03
9.200000e-07	-7.516486e-09	-4.288242e-09	-4.024022e+01	-1.489118e+03
9.300000e-07	-7.451836e-09	-4.266847e-09	-3.989412e+01	-1.481724e+03
9.400000e-07	-7.386577e-09	-4.245492e-09	-3.954472e+01	-1.474386e+03
9.500000e-07	-7.320670e-09	-4.224417e-09	-3.919183e+01	-1.467067e+03
9.600000e-07	-7.254162e-09	-4.202608e-09	-3.883577e+01	-1.459403e+03
9.700000e-07	-7.187097e-09	-4.180306e-09	-3.847667e+01	-1.451709e+03
9.800000e-07	-7.119489e-09	-4.158017e-09	-3.811466e+01	-1.444066e+03
9.900000e-07	-7.051381e-09	-4.135180e-09	-3.775009e+01	-1.436088e+03
1.000000e-06	-6.982816e-09	-4.111643e-09	-3.738313e+01	-1.427826e+03
1.010000e-06	-6.913829e-09	-4.087747e-09	-3.701392e+01	-1.419549e+03
1.020000e-06	-6.844431e-09	-4.063610e-09	-3.664247e+01	-1.411298e+03
1.030000e-06	-6.774617e-09	-4.039336e-09	-3.626871e+01	-1.402931e+03
1.040000e-06	-6.704354e-09	-4.014900e-09	-3.589257e+01	-1.394403e+03
1.050000e-06	-6.633621e-09	-3.990056e-09	-3.551397e+01	-1.385696e+03
1.060000e-06	-6.562438e-09	-3.964409e-09	-3.513293e+01	-1.376759e+03
1.070000e-06	-6.490779e-09	-3.938168e-09	-3.474927e+01	-1.367676e+03
1.080000e-06	-6.418577e-09	-3.911666e-09	-3.436268e+01	-1.358590e+03
1.090000e-06	-6.345827e-09	-3.884936e-09	-3.397322e+01	-1.349397e+03
1.100000e-06	-6.272559e-09	-3.857792e-09	-3.358100e+01	-1.339989e+03
1.110000e-06	-6.198792e-09	-3.830496e-09	-3.318597e+01	-1.330510e+03
1.120000e-06	-6.124534e-09	-3.803216e-09	-3.278824e+01	-1.321078e+03
1.130000e-06	-6.049771e-09	-3.775297e-09	-3.238785e+01	-1.311360e+03
1.140000e-06	-5.974463e-09	-3.746289e-09	-3.198467e+01	-1.301186e+03
1.150000e-06	-5.898637e-09	-3.716701e-09	-3.157882e+01	-1.290840e+03
1.160000e-06	-5.822368e-09	-3.687344e-09	-3.117070e+01	-1.280746e+03
1.170000e-06	-5.745701e-09	-3.658220e-09	-3.076039e+01	-1.270802e+03
1.180000e-06	-5.668644e-09	-3.628936e-09	-3.034786e+01	-1.260763e+03
1.190000e-06	-5.591153e-09	-3.599039e-09	-2.993303e+01	-1.250387e+03
1.200000e-06	-5.513174e-09	-3.568225e-09	-2.951567e+01	-1.239616e+03
1.210000e-06	-5.434705e-09	-3.536828e-09	-2.909573e+01	-1.228708e+03
1.220000e-06	-5.355747e-09	-3.505149e-09	-2.867307e+01	-1.217735e+03
1.230000e-06	-5.276319e-09	-3.473012e-09	-2.824772e+01	-1.206577e+03
1.240000e-06	-5.196459e-09	-3.440276e-09	-2.782006e+01	-1.195194e+03
1.250000e-06	-5.116192e-09	-3.407343e-09	-2.739021e+01	-1.183810e+03
1.260000e-06	-5.035507e-09	-3.374549e-09	-2.695830e+01	-1.172557e+03
1.270000e-06	-4.954423e-09	-3.341409e-09	-2.652440e+01	-1.161157e+03
1.280000e-06	-4.872998e-09	-3.307398e-09	-2.608861e+01	-1.149341e+03
1.290000e-06	-4.791255e-09	-3.272698e-09	-2.565109e+01	-1.137232e+03
1.300000e-06	-4.709188e-09	-3.237780e-09	-2.521183e+01	-1.125070e+03
1.310000e-06	-4.626850e-09	-3.202371e-09	-2.477110e+01	-1.112785e+03
1.320000e-06	-4.544277e-09	-3.166117e-09	-2.432903e+01	-1.100214e+03
1.330000e-06	-4.461454e-09	-3.129039e-09	-2.388560e+01	-1.087398e+03
1.340000e-06	-4.378363e-09	-3.091592e-09	-2.344073e+01	-1.074450e+03
1.350000e-06	-4.294967e-09	-3.054106e-09	-2.299431e+01	-1.061487e+03
1.360000e-06	-4.211261e-09	-3.016531e-09	-2.254633e+01	-1.048543e+03
1.370000e-06	-4.127242e-09	-2.978517e-09	-2.209664e+01	-1.035423e+03
1.380000e-06	-4.042940e-09	-2.939517e-09	-2.164546e+01	-1.021840e+03
1.390000e-06	-3.958379e-09	-2.899585e-09	-2.119298e+01	-1.007921e+03
1.400000e-06	-3.873604e-09	-2.859187e-09	-2.073930e+01	-9.939319e+02
1.410000e-06	-3.788642e-09	-2.818522e-09	-2.028454e+01	-9.798998e+02
1.420000e-06	-3.703478e-09	-2.777324e-09	-1.982868e+01	-9.656326e+02
1.430000e-06	-3.618122e-09	-2.735422e-09	-1.937173e+01	-9.511048e+02
1.440000e-06	-3.532565e-09	-2.693253e-09	-1.891367e+01	-9.364891e+02
1.450000e-06	-3.446799e-09	-2.651140e-09	-1.845450e+01	-9.218996e+02
1.460000e-06	-3.360789e-09	-2.608657e-09	-1.799410e+01	-9.071792e+02
1.470000e-06	-3.274547e-09	-2.565212e-09	-1.753247e+01	-8.921019e+02
1.480000e-06	-3.188093e-09	-2.520715e-09	-1.706964e+01	-8.766452e+02
1.490000e-06	-3.101385e-09	-2.475422e-09	-1.660549e+01	-8.609240e+02
1.500000e-06	-3.014452e-09	-2.429452e-09	-1.614013e+01	-8.450054e+02
1.510000e-06	-2.927337e-09	-2.382759e-09	-1.567375e+01	-8.288554e+02
1.520000e-06	-2.840032e-09	-2.335457e-09	-1.520635e+01	-8.124588e+02
1.530000e-06	-2.752538e-09	-2.287895e-09	-1.473792e+01	-7.959173e+02
1.540000e-06	-2.664856e-09	-2.240192e-09	-1.426857e+01	-7.793276e+02
1.550000e-06	-2.576991e-09	-2.192198e-09	-1.379822e+01	-7.626608e+02
1.560000e-06	-2.488958e-09	-2.143262e-09	-1.332697e+01	-7.456809e+02
1.570000e-06	-2.400752e-09	-2.092846e-09	-1.285488e+01	-7.281584e+02
1.580000e-06	-2.312370e-09	-2.041485e-09	-1.238191e+01	-7.103231e+02
1.590000e-06	-2.223802e-09	-1.989969e-09	-1.190792e+01	-6.924687e+02
1.600000e-06	-2.135054e-09	-1.938180e-09	-1.143288e+01	-6.745435e+02
1.610000e-06	-2.046140e-09	-1.885847e-09	-1.095697e+01	-6.564146e+02
1.620000e-06	-1.957042e-09	-1.833022e-09	-1.048013e+01	-6.380782e+02
1.630000e-06	-1.867762e-09	-1.780073e-09	-1.000230e+01	-6.196941e+02
1.640000e-06	-1.778338e-09	-1.727129e-09	-9.523598e+00	-6.013010e+02
1.650000e-06	-1.688793e-09	-1.673423e-09	-9.044195e+00	-5.826036e+02
1.660000e-06	-1.599145e-09	-1.618656e-09	-8.564217e+00	-5.635729e+02
1.670000e-06	-1.509398e-09	-1.563202e-09	-8.083727e+00	-5.443459e+02
1.680000e-06	-1.419548e-09	-1.507393e-09	-7.602704e+00	-5.249982e+02
1.690000e-06	-1.329623e-09	-1.451738e-09	-7.121311e+00	-5.056759e+02
1.700000e-06	-1.239670e-09	-1.396170e-09	-6.639754e+00	-4.863686e+02
1.710000e-06	-1.149662e-09	-1.340208e-09	-6.157775e+00	-4.669325e+02
1.720000e-06	-1.059573e-09	-1.283905e-09	-5.675288e+00	-4.473526e+02
1.730000e-06	-9.694146e-10	-1.227358e-09	-5.192484e+00	-4.276164e+02
1.740000e-06	-8.791716e-10	-1.170481e-09	-4.709218e+00	-4.077618e+02
1.750000e-06	-7.888599e-10	-1.113302e-09	-4.225498e+00	-3.878812e+02
1.760000e-06	-6.984751e-10	-1.055818e-09	-3.741386e+00	-3.678932e+02
1.770000e-06	-6.080079e-10	-9.980764e-10	-3.256856e+00	-3.478092e+02
1.780000e-06	-5.174819e-10	-9.406397e-10	-2.772023e+00	-3.278426e+02
1.790000e-06	-4.268988e-10	-8.836615e-10	-2.286888e+00	-3.080100e+02
1.800000e-06	-3.362785e-10	-8.264691e-10	-1.801600e+00	-2.880877e+02
1.810000e-06	-2.456561e-10	-7.687196e-10	-1.316284e+00	-2.679423e+02
1.820000e-06	-1.550423e-10	-7.107540e-10	-8.309920e-01	-2.477115e+02
1.830000e-06	-6.444586e-11	-6.530086e-10	-3.458398e-01	-2.275923e+02
1.840000e-06	2.613397e-11	-5.954240e-10	1.392529e-01	-2.075349e+02
1.850000e-06	1.166816e-10	-5.376431e-10	6.241975e-01	-1.873953e+02
1.860000e-06	2.072115e-10	-4.792460e-10	1.108995e+00	-1.670452e+02
1.870000e-06	2.977388e-10	-4.205595e-10	1.593805e+00	-1.466693e+02
1.880000e-06	3.882577e-10	-3.621356e-10	2.078608e+00	-1.263456e+02
1.890000e-06	4.787560e-10	-3.034735e-10	2.563307e+00	-1.058172e+02
1.900000e-06	5.692267e-10	-2.440961e-10	3.047899e+00	-8.503724e+01
1.910000e-06	6.596791e-10	-1.840700e-10	3.532384e+00	-6.406874e+01
1.920000e-06	7.501055e-10	-1.237934e-10	4.016677e+00	-4.302866e+01
1.930000e-06	8.404925e-10	-6.355499e-11	4.500709e+00	-2.201370e+01
1.940000e-06	9.308141e-10	-2.868874e-12	4.984374e+00	-8.552825e-01
1.950000e-06	1.021039e-09	5.886666e-11	5.467572e+00	2.066394e+01
1.960000e-06	1.111187e-09	1.214510e-10	5.950285e+00	4.249092e+01
1.970000e-06	1.201251e-09	1.841676e-10	6.432467e+00	6.434634e+01
1.980000e-06	1.291199e-09	2.466399e-10	6.914085e+00	8.613193e+01
1.990000e-06	1.381037e-09	3.093537e-10	7.395091e+00	1.080491e+02
2.000000e-06	1.470778e-09	3.727248e-10	7.875563e+00	1.301682e+02
2.010000e-06	1.560423e-09	4.367467e-10	8.355551e+00	1.524557e+02
2.020000e-06	1.649985e-09	5.014456e-10	8.834960e+00	1.749715e+02
2.030000e-06	1.739453e-09	5.666091e-10	9.313741e+00	1.976463e+02
2.040000e-06	1.828810e-09	6.321876e-10	9.791972e+00	2.204872e+02
2.050000e-06	1.918048e-09	6.986974e-10	1.026956e+01	2.437017e+02
2.060000e-06	2.007137e-09	7.661078e-10	1.074632e+01	2.672510e+02
2.070000e-06	2.096054e-09	8.334579e-10	1.122225e+01	2.907305e+02
2.080000e-06	2.184788e-09	9.001765e-10	1.169723e+01	3.139157e+02
2.090000e-06	2.273301e-09	9.667684e-10	1.217099e+01	3.370906e+02
2.100000e-06	2.361592e-09	1.033724e-09	1.264350e+01	3.604174e+02
2.110000e-06	2.449673e-09	1.100939e-09	1.311485e+01	3.837893e+02
2.120000e-06	2.537526e-09	1.168010e-09	1.358511e+01	4.071092e+02
2.130000e-06	2.625160e-09	1.234475e-09	1.405423e+01	4.302707e+02
2.140000e-06	2.712611e-09	1.300627e-09	1.452229e+01	4.533195e+02
2.150000e-06	2.799886e-09	1.366832e-09	1.498941e+01	4.763395e+02
2.160000e-06	2.886988e-09	1.432659e-09	1.545571e+01	4.992200e+02
2.170000e-06	2.973946e-09	1.497590e-09	1.592123e+01	5.217524e+02
2.180000e-06	3.060738e-09	1.561709e-09	1.638590e+01	5.439747e+02
2.190000e-06	3.147363e-09	1.625232e-09	1.684962e+01	5.660259e+02
2.200000e-06	3.233788e-09	1.688174e-09	1.731223e+01	5.879038e+02
2.210000e-06	3.319983e-09	1.750418e-09	1.777365e+01	6.095426e+02
2.220000e-06	3.405944e-09	1.811661e-09	1.823380e+01	6.308229e+02
2.230000e-06	3.491671e-09	1.871733e-09	1.869272e+01	6.516817e+02
2.240000e-06	3.577146e-09	1.930950e-09	1.915025e+01	6.722050e+02
2.250000e-06	3.662378e-09	1.989447e-09	1.960644e+01	6.924715e+02
2.260000e-06	3.747403e-09	2.046856e-09	2.006151e+01	7.123520e+02
2.270000e-06	3.832224e-09	2.102906e-09	2.051545e+01	7.317583e+02
2.280000e-06	3.916818e-09	2.157953e-09	2.096819e+01	7.508582e+02
2.290000e-06	4.001151e-09	2.212663e-09	2.141954e+01	7.698117e+02
2.300000e-06	4.085244e-09	2.266952e-09	2.186967e+01	7.885895e+02
2.310000e-06	4.169061e-09	2.320172e-09	2.231839e+01	8.070073e+02
2.320000e-06	4.252586e-09	2.372213e-09	2.276549e+01	8.250393e+02
2.330000e-06	4.335842e-09	2.423657e-09	2.321116e+01	8.428791e+02
2.340000e-06	4.418817e-09	2.474740e-09	2.365535e+01	8.605574e+02
2.350000e-06	4.501520e-09	2.525053e-09	2.409807e+01	8.779587e+02
2.360000e-06	4.583939e-09	2.574138e-09	2.453931e+01	8.949624e+02
2.370000e-06	4.666048e-09	2.621918e-09	2.497884e+01	9.115442e+02
2.380000e-06	4.747804e-09	2.668795e-09	2.541649e+01	9.277741e+02
2.390000e-06	4.829199e-09	2.715214e-09	2.585216e+01	9.438551e+02
2.400000e-06	4.910228e-09	2.761238e-09	2.628586e+01	9.598412e+02
2.410000e-06	4.990844e-09	2.806299e-09	2.671748e+01	9.754228e+02
2.420000e-06	5.071071e-09	2.849869e-09	2.714706e+01	9.904486e+02
2.430000e-06	5.150950e-09	2.892370e-09	2.757477e+01	1.005112e+03
2.440000e-06	5.230490e-09	2.934393e-09	2.800068e+01	1.019600e+03
2.450000e-06	5.309660e-09	2.976166e-09	2.842464e+01	1.033991e+03
2.460000e-06	5.388427e-09	3.017592e-09	2.884634e+01	1.048294e+03
2.470000e-06	5.466779e-09	3.058681e-09	2.926567e+01	1.062541e+03
2.480000e-06	5.544694e-09	3.099622e-09	2.968274e+01	1.076742e+03
2.490000e-06	5.622159e-09	3.140177e-09	3.009748e+01	1.090768e+03
2.500000e-06	5.699217e-09	3.179652e-09	3.050996e+01	1.104402e+03
2.510000e-06	5.775879e-09	3.217476e-09	3.092022e+01	1.117454e+03
2.520000e-06	5.852064e-09	3.254079e-09	3.132800e+01	1.130076e+03
2.530000e-06	5.927700e-09	3.290494e-09	3.173299e+01	1.142663e+03
2.540000e-06	6.002798e-09	3.327006e-09	3.213519e+01	1.155279e+03
2.550000e-06	6.077391e-09	3.363240e-09	3.253470e+01	1.167792e+03
2.560000e-06	6.151504e-09	3.398729e-09	3.293156e+01	1.180098e+03
2.570000e-06	6.225137e-09	3.433415e-09	3.332573e+01	1.192140e+03
2.580000e-06	6.298287e-09	3.467580e-09	3.371719e+01	1.203962e+03
2.590000e-06	6.370937e-09	3.501025e-09	3.410595e+01	1.215488e+03
2.600000e-06	6.443058e-09	3.533461e-09	3.449196e+01	1.226641e+03
2.610000e-06	6.514690e-09	3.565010e-09	3.487540e+01	1.237520e+03
2.620000e-06	6.585888e-09	3.596213e-09	3.525658e+01	1.248305e+03
2.630000e-06	6.656651e-09	3.627723e-09	3.563540e+01	1.259206e+03
2.640000e-06	6.726941e-09	3.659459e-09	3.601161e+01	1.270194e+03
2.650000e-06	6.796738e-09	3.690651e-09	3.638519e+01	1.280945e+03
2.660000e-06	6.866066e-09	3.720813e-09	3.675625e+01	1.291323e+03
2.670000e-06	6.934961e-09	3.750141e-09	3.712497e+01	1.301440e+03
2.680000e-06	7.003434e-09	3.779154e-09	3.749140e+01	1.311462e+03
2.690000e-06	7.071439e-09	3.807859e-09	3.785540e+01	1.321388e+03
2.700000e-06	7.138938e-09	3.836079e-09	3.821679e+01	1.331150e+03
2.710000e-06	7.205904e-09	3.864080e-09	3.857540e+01	1.340856e+03
2.720000e-06	7.272320e-09	3.891902e-09	3.893101e+01	1.350474e+03
2.730000e-06	7.338173e-09	3.919402e-09	3.928348e+01	1.359975e+03
2.740000e-06	7.403440e-09	3.946421e-09	3.963272e+01	1.369281e+03
2.750000e-06	7.468109e-09	3.972533e-09	3.997877e+01	1.378232e+03
2.760000e-06	7.532198e-09	3.997705e-09	4.032177e+01	1.386935e+03
2.770000e-06	7.595762e-09	4.022405e-09	4.066201e+01	1.395514e+03
2.780000e-06	7.658868e-09	4.046899e-09	4.099980e+01	1.403985e+03
2.790000e-06	7.721530e-09	4.071243e-09	4.133516e+01	1.412387e+03
2.800000e-06	7.783680e-09	4.095339e-09	4.166780e+01	1.420713e+03
2.810000e-06	7.845278e-09	4.118731e-09	4.199758e+01	1.428794e+03
2.820000e-06	7.906392e-09	4.141357e-09	4.232471e+01	1.436593e+03
2.830000e-06	7.967059e-09	4.163759e-09	4.264935e+01	1.444326e+03
2.840000e-06	8.027247e-09	4.185970e-09	4.297146e+01	1.452003e+03
2.850000e-06	8.086876e-09	4.207518e-09	4.329073e+01	1.459443e+03
2.860000e-06	8.145889e-09	4.228447e-09	4.360680e+01	1.466694e+03
2.870000e-06	8.204245e-09	4.249247e-09	4.391929e+01	1.473916e+03
2.880000e-06	8.261894e-09	4.270023e-09	4.422786e+01	1.481091e+03
2.890000e-06	8.318828e-09	4.290640e-09	4.453251e+01	1.488208e+03
2.900000e-06	8.375083e-09	4.310840e-09	4.483355e+01	1.495190e+03
2.910000e-06	8.430739e-09	4.330441e-09	4.513145e+01	1.501962e+03
2.920000e-06	8.485871e-09	4.349578e-09	4.542652e+01	1.508571e+03
2.930000e-06	8.540462e-09	4.368409e-09	4.571867e+01	1.515051e+03
2.940000e-06	8.594444e-09	4.387050e-09	4.600759e+01	1.521474e+03
2.950000e-06	8.647817e-09	4.405375e-09	4.629334e+01	1.527816e+03
2.960000e-06	8.700605e-09	4.423345e-09	4.657595e+01	1.534065e+03
2.970000e-06	8.752738e-09	4.441309e-09	4.685503e+01	1.540294e+03
2.980000e-06	8.804103e-09	4.459140e-09	4.713011e+01	1.546419e+03
2.990000e-06	8.854638e-09	4.476307e-09	4.740087e+01	1.552287e+03
3.000000e-06	8.904327e-09	4.492912e-09	4.766703e+01	1.558003e+03
3.010000e-06	8.953228e-09	4.509206e-09	4.792884e+01	1.563672e+03
3.020000e-06	9.001429e-09	4.525175e-09	4.818690e+01	1.569209e+03
3.030000e-06	9.049018e-09	4.541126e-09	4.844171e+01	1.574723e+03
3.040000e-06	9.096018e-09	4.557234e-09	4.869341e+01	1.580303e+03
3.050000e-06	9.142385e-09	4.572854e-09	4.894173e+01	1.585688e+03
3.060000e-06	9.188085e-09	4.587715e-09	4.918653e+01	1.590821e+03
3.070000e-06	9.233150e-09	4.602356e-09	4.942789e+01	1.595864e+03
3.080000e-06	9.277670e-09	4.616656e-09	4.966619e+01	1.600754e+03
3.090000e-06	9.321664e-09	4.630248e-09	4.990173e+01	1.605413e+03
3.100000e-06	9.365094e-09	4.643360e-09	5.013449e+01	1.609974e+03
3.110000e-06	9.407829e-09	4.656223e-09	5.036359e+01	1.614506e+03
3.120000e-06	9.449700e-09	4.668962e-09	5.058797e+01	1.618938e+03
3.130000e-06	9.490708e-09	4.681680e-09	5.080763e+01	1.623271e+03
3.140000e-06	9.531004e-09	4.694203e-09	5.102340e+01	1.627523e+03
3.150000e-06	9.570729e-09	4.706326e-09	5.123608e+01	1.631678e+03
3.160000e-06	9.609867e-09	4.717902e-09	5.144562e+01	1.635645e+03
3.170000e-06	9.648350e-09	4.729170e-09	5.165162e+01	1.639515e+03
3.180000e-06	9.686132e-09	4.740564e-09	5.185394e+01	1.643436e+03
3.190000e-06	9.723219e-09	4.751541e-09	5.205253e+01	1.647207e+03
3.200000e-06	9.759688e-09	4.761681e-09	5.224771e+01	1.650757e+03
3.210000e-06	9.795630e-09	4.771647e-09	5.244011e+01	1.654271e+03
3.220000e-06	9.830996e-09	4.781795e-09	5.262954e+01	1.657761e+03
3.230000e-06	9.865552e-09	4.791863e-09	5.281474e+01	1.661158e+03
3.240000e-06	9.899143e-09	4.801793e-09	5.299479e+01	1.664545e+03
3.250000e-06	9.931862e-09	4.811591e-09	5.317006e+01	1.667926e+03
3.260000e-06	9.963917e-09	4.820973e-09	5.334172e+01	1.671141e+03
3.270000e-06	9.995400e-09	4.830113e-09	5.351031e+01	1.674289e+03
3.280000e-06	1.002625e-08	4.839414e-09	5.367556e+01	1.677537e+03
3.290000e-06	1.005641e-08	4.848420e-09	5.383714e+01	1.680669e+03
3.300000e-06	1.008586e-08	4.856698e-09	5.399488e+01	1.683535e+03
3.310000e-06	1.011465e-08	4.864761e-09	5.414889e+01	1.686333e+03
3.320000e-06	1.014286e-08	4.873006e-09	5.429977e+01	1.689137e+03
3.330000e-06	1.017050e-08	4.881266e-09	5.444779e+01	1.691908e+03
3.340000e-06	1.019738e-08	4.889381e-09	5.459190e+01	1.694659e+03
3.350000e-06	1.022325e-08	4.897125e-09	5.473052e+01	1.697308e+03
3.360000e-06	1.024811e-08	4.904526e-09	5.486363e+01	1.699864e+03
3.370000e-06	1.027221e-08	4.911822e-09	5.499260e+01	1.702398e+03
3.380000e-06	1.029565e-08	4.918915e-09	5.511803e+01	1.704857e+03
3.390000e-06	1.031841e-08	4.925504e-09	5.523983e+01	1.707158e+03
3.400000e-06	1.034048e-08	4.931729e-09	5.535796e+01	1.709352e+03
3.410000e-06	1.036183e-08	4.938007e-09	5.547228e+01	1.711535e+03
3.420000e-06	1.038252e-08	4.944340e-09	5.558299e+01	1.713678e+03
3.430000e-06	1.040267e-08	4.950447e-09	5.569084e+01	1.715730e+03
3.440000e-06	1.042228e-08	4.956309e-09	5.579584e+01	1.717750e+03
3.450000e-06	1.044116e-08	4.962003e-09	5.589691e+01	1.719733e+03
3.460000e-06	1.045918e-08	4.967267e-09	5.599337e+01	1.721548e+03
3.470000e-06	1.047642e-08	4.972204e-09	5.608563e+01	1.723281e+03
3.480000e-06	1.049299e-08	4.976870e-09	5.617428e+01	1.724928e+03
3.490000e-06	1.050875e-08	4.981062e-09	5.625858e+01	1.726384e+03
3.500000e-06	1.052359e-08	4.985141e-09	5.633797e+01	1.727758e+03
3.510000e-06	1.053760e-08	4.989193e-09	5.641297e+01	1.729096e+03
3.520000e-06	1.055086e-08	4.993113e-09	5.648398e+01	1.730433e+03
3.530000e-06	1.056341e-08	4.996929e-09	5.655115e+01	1.731754e+03
3.540000e-06	1.057525e-08	5.000309e-09	5.661454e+01	1.732938e+03
3.550000e-06	1.058620e-08	5.003304e-09	5.667329e+01	1.734031e+03
3.560000e-06	1.059603e-08	5.006189e-09	5.672607e+01	1.735061e+03
3.570000e-06	1.060481e-08	5.008679e-09	5.677321e+01	1.735875e+03
3.580000e-06	1.061290e-08	5.010642e-09	5.681651e+01	1.736480e+03
3.590000e-06	1.062039e-08	5.012267e-09	5.685657e+01	1.737001e+03
3.600000e-06	1.062716e-08	5.013743e-09	5.689277e+01	1.737495e+03
3.610000e-06	1.063315e-08	5.015216e-09	5.692495e+01	1.737983e+03
3.620000e-06	1.063838e-08	5.016727e-09	5.695301e+01	1.738528e+03
3.630000e-06	1.064292e-08	5.018089e-09	5.697726e+01	1.739062e+03
3.640000e-06	1.064695e-08	5.019001e-09	5.699877e+01	1.739393e+03
3.650000e-06	1.065040e-08	5.019634e-09	5.701728e+01	1.739566e+03
3.660000e-06	1.065293e-08	5.020098e-09	5.703093e+01	1.739676e+03
3.670000e-06	1.065433e-08	5.020344e-09	5.703855e+01	1.739717e+03
3.680000e-06	1.065484e-08	5.020254e-09	5.704133e+01	1.739680e+03
3.690000e-06	1.065475e-08	5.019920e-09	5.704089e+01	1.739597e+03
3.700000e-06	1.065404e-08	5.019839e-09	5.703715e+01	1.739608e+03
3.710000e-06	1.065264e-08	5.019670e-09	5.702965e+01	1.739573e+03
3.720000e-06	1.065055e-08	5.018927e-09	5.701846e+01	1.739260e+03
3.730000e-06	1.064776e-08	5.017844e-09	5.700359e+01	1.738861e+03
3.740000e-06	1.064433e-08	5.016663e-09	5.698522e+01	1.738456e+03
3.750000e-06	1.064043e-08	5.015318e-09	5.696425e+01	1.737924e+03
3.760000e-06	1.063606e-08	5.014145e-09	5.694076e+01	1.737629e+03
3.770000e-06	1.063090e-08	5.012415e-09	5.691314e+01	1.737257e+03
3.780000e-06	1.062455e-08	5.010048e-09	5.687932e+01	1.735285e+03
3.790000e-06	1.061688e-08	5.007673e-09	5.683830e+01	1.734316e+03
3.800000e-06	1.060788e-08	5.008685e-09	5.679008e+01	1.736410e+03
3.810000e-06	1.059788e-08	5.005783e-09	5.673651e+01	1.736889e+03
3.820000e-06	1.058762e-08	4.999759e-09	5.668152e+01	1.732409e+03
3.830000e-06	1.057732e-08	4.998437e-09	5.662630e+01	1.728587e+03
3.840000e-06	1.056629e-08	4.999689e-09	5.656715e+01	1.731494e+03
3.850000e-06	1.055414e-08	4.991117e-09	5.650217e+01	1.730973e+03
3.860000e-06	1.054135e-08	4.968535e-09	5.643380e+01	1.719184e+03
3.870000e-06	1.052800e-08	4.967007e-09	5.636242e+01	1.716470e+03
3.880000e-06	1.051349e-08	4.992648e-09	5.628482e+01	1.730687e+03
3.890000e-06	1.049783e-08	5.001815e-09	5.620101e+01	1.733358e+03
3.900000e-06	1.048164e-08	4.982978e-09	5.611430e+01	1.722566e+03
3.910000e-06	1.046489e-08	4.968393e-09	5.602461e+01	1.720710e+03
3.920000e-06	1.044726e-08	4.970894e-09	5.593028e+01	1.725628e+03
3.930000e-06	1.042893e-08	4.982595e-09	5.583215e+01	1.726655e+03
3.940000e-06	1.041005e-08	5.002318e-09	5.573100e+01	1.729859e+03
3.950000e-06	1.039043e-08	5.026106e-09	5.562591e+01	1.743424e+03
3.960000e-06	1.037005e-08	5.037885e-09	5.551672e+01	1.748190e+03
3.970000e-06	1.034888e-08	5.023955e-09	5.540345e+01	1.738903e+03
3.980000e-06	1.032668e-08	4.997819e-09	5.528477e+01	1.732258e+03
3.990000e-06	1.030345e-08	4.972038e-09	5.516050e+01	1.726149e+03
4.000000e-06	1.027955e-08	4.948597e-09	5.503252e+01	1.713863e+03
4.010000e-06	1.025507e-08	4.943107e-09	5.490147e+01	1.711377e+03
4.020000e-06	1.022989e-08	4.958243e-09	5.476662e+01	1.720909e+03
4.030000e-06	1.020399e-08	4.980075e-09	5.462796e+01	1.726072e+03
4.040000e-06	1.017739e-08	5.002243e-09	5.448557e+01	1.731378e+03
4.050000e-06	1.015010e-08	5.018884e-09	5.433944e+01	1.741977e+03
4.060000e-06	1.012228e-08	5.028656e-09	5.419036e+01	1.746151e+03
4.070000e-06	1.009386e-08	5.030282e-09	5.403815e+01	1.742792e+03
4.080000e-06	1.006459e-08	5.019307e-09	5.388148e+01	1.742675e+03
4.090000e-06	1.003432e-08	5.008431e-09	5.371940e+01	1.740594e+03
4.100000e-06	1.000307e-08	5.005096e-09	5.355195e+01	1.735645e+03
4.110000e-06	9.971025e-09	4.995160e-09	5.338029e+01	1.734630e+03
4.120000e-06	9.938362e-09	4.989079e-09	5.320542e+01	1.734884e+03
4.130000e-06	9.905053e-09	4.995567e-09	5.302707e+01	1.734008e+03
4.140000e-06	9.871092e-09	4.986898e-09	5.284520e+01	1.731847e+03
4.150000e-06	9.836524e-09	4.971925e-09	5.266013e+01	1.728369e+03
4.160000e-06	9.801364e-09	4.974633e-09	5.247183e+01	1.727627e+03
4.170000e-06	9.765644e-09	4.968760e-09	5.228048e+01	1.725833e+03
4.180000e-06	9.729333e-09	4.951527e-09	5.208597e+01	1.720505e+03
4.190000e-06	9.692222e-09	4.947626e-09	5.188720e+01	1.718527e+03
4.200000e-06	9.654103e-09	4.939096e-09	5.168316e+01	1.715863e+03
4.210000e-06	9.615067e-09	4.919999e-09	5.147421e+01	1.709318e+03
4.220000e-06	9.575329e-09	4.912590e-09	5.126145e+01	1.706433e+03
4.230000e-06	9.534983e-09	4.905323e-09	5.104544e+01	1.703911e+03
4.240000e-06	9.494003e-09	4.888112e-09	5.082600e+01	1.697837e+03
4.250000e-06	9.452322e-09	4.878262e-09	5.060283e+01	1.694748e+03
4.260000e-06	9.409965e-09	4.871498e-09	5.037610e+01	1.692543e+03
4.270000e-06	9.367008e-09	4.857700e-09	5.014610e+01	1.687455e+03
4.280000e-06	9.323519e-09	4.845685e-09	4.991313e+01	1.683506e+03
4.290000e-06	9.279548e-09	4.834679e-09	4.967760e+01	1.679613e+03
4.300000e-06	9.235044e-09	4.818965e-09	4.943927e+01	1.673960e+03
4.310000e-06	9.189910e-09	4.805445e-09	4.919755e+01	1.669521e+03
4.320000e-06	9.144082e-09	4.794500e-09	4.895212e+01	1.665568e+03
4.330000e-06	9.097592e-09	4.781085e-09	4.870308e+01	1.660677e+03
4.340000e-06	9.050436e-09	4.767496e-09	4.845052e+01	1.656362e+03
4.350000e-06	9.002565e-09	4.754626e-09	4.819413e+01	1.651919e+03
4.360000e-06	8.953955e-09	4.740262e-09	4.793376e+01	1.646716e+03
4.370000e-06	8.904558e-09	4.726453e-09	4.766925e+01	1.642018e+03
4.380000e-06	8.854402e-09	4.712018e-09	4.740069e+01	1.636948e+03
4.390000e-06	8.803584e-09	4.695035e-09	4.712852e+01	1.630875e+03
4.400000e-06	8.752138e-09	4.679574e-09	4.685290e+01	1.625671e+03
4.410000e-06	8.699987e-09	4.665717e-09	4.657352e+01	1.620953e+03
4.420000e-06	8.647097e-09	4.650109e-09	4.629025e+01	1.615408e+03
4.430000e-06	8.593477e-09	4.634609e-09	4.600302e+01	1.609950e+03
4.440000e-06	8.539092e-09	4.619347e-09	4.571170e+01	1.604798e+03
4.450000e-06	8.483943e-09	4.602503e-09	4.541638e+01	1.599041e+03
4.460000e-06	8.428137e-09	4.585872e-09	4.511763e+01	1.593093e+03
4.470000e-06	8.371793e-09	4.569615e-09	4.481599e+01	1.587314e+03
4.480000e-06	8.314928e-09	4.552037e-09	4.451147e+01	1.581334e+03
4.490000e-06	8.257482e-09	4.533754e-09	4.420381e+01	1.574990e+03
4.500000e-06	8.199432e-09	4.516015e-09	4.389296e+01	1.568758e+03
4.510000e-06	8.140794e-09	4.498616e-09	4.357901e+01	1.562838e+03
4.520000e-06	8.081604e-09	4.480910e-09	4.326203e+01	1.556705e+03
4.530000e-06	8.021872e-09	4.462603e-09	4.294208e+01	1.550244e+03
4.540000e-06	7.961583e-09	4.443638e-09	4.261926e+01	1.543750e+03
4.550000e-06	7.900701e-09	4.424203e-09	4.229330e+01	1.537060e+03
4.560000e-06	7.839213e-09	4.404819e-09	4.196394e+01	1.530151e+03
4.570000e-06	7.777130e-09	4.385261e-09	4.163130e+01	1.523320e+03
4.580000e-06	7.714418e-09	4.365189e-09	4.129537e+01	1.516419e+03
4.590000e-06	7.651095e-09	4.344491e-09	4.095623e+01	1.509215e+03
4.600000e-06	7.587202e-09	4.323803e-09	4.061405e+01	1.502037e+03
4.610000e-06	7.522770e-09	4.303546e-09	4.026894e+01	1.495081e+03
4.620000e-06	7.457848e-09	4.282855e-09	3.992119e+01	1.487825e+03
4.630000e-06	7.392446e-09	4.260893e-09	3.957084e+01	1.480130e+03
4.640000e-06	7.326514e-09	4.238518e-09	3.921771e+01	1.472425e+03
4.650000e-06	7.260075e-09	4.216312e-09	3.886190e+01	1.464746e+03
4.660000e-06	7.193184e-09	4.193988e-09	3.850365e+01	1.456878e+03
4.670000e-06	7.125853e-09	4.171400e-09	3.814305e+01	1.449027e+03
4.680000e-06	7.058066e-09	4.148418e-09	3.778004e+01	1.441137e+03
4.690000e-06	6.989777e-09	4.124834e-09	3.741438e+01	1.432986e+03
4.700000e-06	6.920973e-09	4.101062e-09	3.704600e+01	1.424726e+03
4.710000e-06	6.851671e-09	4.077195e-09	3.667484e+01	1.416451e+03
4.720000e-06	6.781869e-09	4.052555e-09	3.630096e+01	1.407925e+03
4.730000e-06	6.711518e-09	4.027147e-09	3.592440e+01	1.399124e+03
4.740000e-06	6.640578e-09	4.001474e-09	3.554476e+01	1.390222e+03
4.750000e-06	6.569086e-09	3.975802e-09	3.516202e+01	1.381314e+03
4.760000e-06	6.497098e-09	3.949975e-09	3.477658e+01	1.372339e+03
4.770000e-06	6.424669e-09	3.923912e-09	3.438876e+01	1.363275e+03
4.780000e-06	6.351838e-09	3.897573e-09	3.399883e+01	1.354183e+03
4.790000e-06	6.278598e-09	3.870990e-09	3.360674e+01	1.345040e+03
4.800000e-06	6.204915e-09	3.843890e-09	3.321228e+01	1.335616e+03
4.810000e-06	6.130810e-09	3.815729e-09	3.281552e+01	1.325769e+03
4.820000e-06	6.056302e-09	3.786813e-09	3.241663e+01	1.315779e+03
4.830000e-06	5.981382e-09	3.758074e-09	3.201554e+01	1.305880e+03
4.840000e-06	5.906025e-09	3.729300e-09	3.161221e+01	1.295844e+03
4.850000e-06	5.830216e-09	3.700184e-09	3.120647e+01	1.285700e+03
4.860000e-06	5.753948e-09	3.671247e-09	3.079811e+01	1.275702e+03
4.870000e-06	5.677180e-09	3.642121e-09	3.038708e+01	1.265582e+03
4.880000e-06	5.599895e-09	3.611931e-09	2.997350e+01	1.255142e+03
4.890000e-06	5.522120e-09	3.581068e-09	2.955733e+01	1.244554e+03
4.900000e-06	5.443893e-09	3.549879e-09	2.913858e+01	1.233731e+03
4.910000e-06	5.365193e-09	3.517779e-09	2.871727e+01	1.222498e+03
4.920000e-06	5.286010e-09	3.485109e-09	2.829335e+01	1.211174e+03
4.930000e-06	5.206361e-09	3.452833e-09	2.786694e+01	1.199993e+03
4.940000e-06	5.126282e-09	3.420625e-09	2.743830e+01	1.188767e+03
4.950000e-06	5.045847e-09	3.388013e-09	2.700775e+01	1.177395e+03
4.960000e-06	4.965119e-09	3.354950e-09	2.657559e+01	1.165931e+03
4.970000e-06	4.884139e-09	3.320993e-09	2.614199e+01	1.154184e+03
4.980000e-06	4.802887e-09	3.285835e-09	2.570692e+01	1.142058e+03
4.990000e-06	4.721335e-09	3.250101e-09	2.527026e+01	1.129706e+03
5.000000e-06	4.639486e-09	3.214262e-09	2.483203e+01	1.117238e+03
5.010000e-06	4.557343e-09	3.178031e-09	2.439229e+01	1.104645e+03
5.020000e-06	4.474900e-09	3.141446e-09	2.395094e+01	1.091938e+03
5.030000e-06	4.392161e-09	3.104678e-09	2.350799e+01	1.079179e+03
5.040000e-06	4.309148e-09	3.067507e-09	2.306355e+01	1.066308e+03
5.050000e-06	4.225868e-09	3.029651e-09	2.261766e+01	1.053175e+03
5.060000e-06	4.142305e-09	2.991247e-09	2.217028e+01	1.039859e+03
5.070000e-06	4.058453e-09	2.952357e-09	2.172137e+01	1.026417e+03
5.080000e-06	3.974293e-09	2.912963e-09	2.127085e+01	1.012791e+03
5.090000e-06	3.889809e-09	2.873318e-09	2.081863e+01	9.990447e+02
5.100000e-06	3.805038e-09	2.833569e-09	2.036484e+01	9.852438e+02
5.110000e-06	3.719985e-09	2.793188e-09	1.990945e+01	9.712011e+02
5.120000e-06	3.634660e-09	2.751697e-09	1.945261e+01	9.567580e+02
5.130000e-06	3.549104e-09	2.709456e-09	1.899459e+01	9.421089e+02
5.140000e-06	3.463341e-09	2.666958e-09	1.853545e+01	9.273714e+02
5.150000e-06	3.377358e-09	2.624026e-09	1.807504e+01	9.124551e+02
5.160000e-06	3.291113e-09	2.580243e-09	1.761319e+01	8.972721e+02
5.170000e-06	3.204576e-09	2.535801e-09	1.714975e+01	8.818896e+02
5.180000e-06	3.117734e-09	2.491107e-09	1.668472e+01	8.663813e+02
5.190000e-06	3.030583e-09	2.445698e-09	1.621815e+01	8.505599e+02
5.200000e-06	2.943134e-09	2.399310e-09	1.574997e+01	8.344011e+02
5.210000e-06	2.855438e-09	2.352468e-09	1.528039e+01	8.181060e+02
5.220000e-06	2.767510e-09	2.304942e-09	1.480963e+01	8.015956e+02
5.230000e-06	2.679377e-09	2.256446e-09	1.433785e+01	7.847747e+02
5.240000e-06	2.591109e-09	2.207452e-09	1.386528e+01	7.677603e+02
5.250000e-06	2.502719e-09	2.158128e-09	1.339207e+01	7.506465e+02
5.260000e-06	2.414191e-09	2.107935e-09	1.291810e+01	7.332027e+02
5.270000e-06	2.325522e-09	2.057057e-09	1.244337e+01	7.155261e+02
5.280000e-06	2.236714e-09	2.006300e-09	1.196796e+01	6.979368e+02
5.290000e-06	2.147762e-09	1.955382e-09	1.149174e+01	6.802025e+02
5.300000e-06	2.058662e-09	1.903588e-09	1.101473e+01	6.621629e+02
5.310000e-06	1.969446e-09	1.851150e-09	1.053709e+01	6.439937e+02
5.320000e-06	1.880115e-09	1.798057e-09	1.005875e+01	6.255404e+02
5.330000e-06	1.790640e-09	1.743848e-09	9.579592e+00	6.066648e+02
5.340000e-06	1.701028e-09	1.689071e-09	9.099773e+00	5.876418e+02
5.350000e-06	1.611318e-09	1.634270e-09	8.619430e+00	5.686043e+02
5.360000e-06	1.521524e-09	1.579357e-09	8.138631e+00	5.495189e+02
5.370000e-06	1.431642e-09	1.524331e-09	7.657431e+00	5.304232e+02
5.380000e-06	1.341698e-09	1.468986e-09	7.175957e+00	5.111932e+02
5.390000e-06	1.251713e-09	1.413006e-09	6.694213e+00	4.916921e+02
5.400000e-06	1.161658e-09	1.356380e-09	6.212031e+00	4.719656e+02
5.410000e-06	1.071505e-09	1.299292e-09	5.729288e+00	4.520954e+02
5.420000e-06	9.812763e-10	1.241856e-09	5.246138e+00	4.320669e+02
5.430000e-06	8.909871e-10	1.184190e-09	4.762683e+00	4.119250e+02
5.440000e-06	8.006161e-10	1.126518e-09	4.278836e+00	3.918236e+02
5.450000e-06	7.101791e-10	1.069000e-09	3.794679e+00	3.718226e+02
5.460000e-06	6.196978e-10	1.011660e-09	3.310262e+00	3.519054e+02
5.470000e-06	5.291731e-10	9.543506e-10	2.825608e+00	3.319792e+02
5.480000e-06	4.386208e-10	8.967902e-10	2.340775e+00	3.119081e+02
5.490000e-06	3.480526e-10	8.385728e-10	1.855832e+00	2.915620e+02
5.500000e-06	2.574942e-10	7.798523e-10	1.370925e+00	2.710470e+02
5.510000e-06	1.669524e-10	7.210058e-10	8.860818e-01	2.504879e+02
5.520000e-06	7.642254e-11	6.623938e-10	4.013646e-01	2.300488e+02
5.530000e-06	-1.409817e-11	6.042854e-10	-8.325804e-02	2.098016e+02
5.540000e-06	-1.046231e-10	5.464135e-10	-5.678809e-01	1.896273e+02
5.550000e-06	-1.951492e-10	4.884896e-10	-1.052477e+00	1.694536e+02
5.560000e-06	-2.856648e-10	4.303414e-10	-1.537040e+00	1.492106e+02
5.570000e-06	-3.761561e-10	3.717773e-10	-2.021519e+00	1.288117e+02
5.580000e-06	-4.666170e-10	3.124859e-10	-2.505873e+00	1.080869e+02
5.590000e-06	-5.570599e-10	2.523456e-10	-2.990174e+00	8.699545e+01
5.600000e-06	-6.474884e-10	1.918537e-10	-3.474344e+00	6.584881e+01
5.610000e-06	-7.378765e-10	1.315041e-10	-3.958237e+00	4.486146e+01
5.620000e-06	-8.282139e-10	7.134354e-11	-4.441834e+00	2.394384e+01
5.630000e-06	-9.184911e-10	1.118045e-11	-4.925095e+00	2.968989e+00
5.640000e-06	-1.008699e-09	-4.946690e-11	-5.407982e+00	-1.817760e+01
5.650000e-06	-1.098823e-09	-1.107857e-10	-5.890399e+00	-3.952372e+01
5.660000e-06	-1.188843e-09	-1.725409e-10	-6.372316e+00	-6.102487e+01
5.670000e-06	-1.278751e-09	-2.348930e-10	-6.853710e+00	-8.276653e+01
5.680000e-06	-1.368556e-09	-2.981050e-10	-7.334554e+00	-1.048512e+02
5.690000e-06	-1.458282e-09	-3.619028e-10	-7.814876e+00	-1.271430e+02
5.700000e-06	-1.547941e-09	-4.258526e-10	-8.294832e+00	-1.494532e+02
5.710000e-06	-1.637507e-09	-4.899267e-10	-8.774349e+00	-1.717550e+02
5.720000e-06	-1.726973e-09	-5.543658e-10	-9.253285e+00	-1.941670e+02
5.730000e-06	-1.816338e-09	-6.194760e-10	-9.731641e+00	-2.169067e+02
5.740000e-06	-1.905595e-09	-6.853906e-10	-1.020937e+01	-2.399690e+02
5.750000e-06	-1.994741e-09	-7.517824e-10	-1.068650e+01	-2.630922e+02
5.760000e-06	-2.083756e-09	-8.182531e-10	-1.116300e+01	-2.862013e+02
5.770000e-06	-2.172639e-09	-8.848757e-10	-1.163879e+01	-3.094574e+02
5.780000e-06	-2.261383e-09	-9.520705e-10	-1.211377e+01	-3.329639e+02
5.790000e-06	-2.349974e-09	-1.019679e-09	-1.258795e+01	-3.565695e+02
5.800000e-06	-2.438390e-09	-1.087185e-09	-1.306119e+01	-3.800512e+02
5.810000e-06	-2.526619e-09	-1.154336e-09	-1.353345e+01	-4.033760e+02
5.820000e-06	-2.614655e-09	-1.221018e-09	-1.400470e+01	-4.265807e+02
5.830000e-06	-2.702500e-09	-1.287314e-09	-1.447488e+01	-4.496539e+02
5.840000e-06	-2.790160e-09	-1.353320e-09	-1.494403e+01	-4.725714e+02
5.850000e-06	-2.877606e-09	-1.418600e-09	-1.541204e+01	-4.951816e+02
5.860000e-06	-2.964817e-09	-1.482928e-09	-1.587885e+01	-5.174998e+02
5.870000e-06	-3.051794e-09	-1.546695e-09	-1.634444e+01	-5.397240e+02
5.880000e-06	-3.138531e-09	-1.610394e-09	-1.680878e+01	-5.619534e+02
5.890000e-06	-3.225007e-09	-1.673903e-09	-1.727166e+01	-5.840335e+02
5.900000e-06	-3.311212e-09	-1.736376e-09	-1.773307e+01	-6.056694e+02
5.910000e-06	-3.397181e-09	-1.797738e-09	-1.819323e+01	-6.269191e+02
5.920000e-06	-3.482906e-09	-1.858458e-09	-1.865196e+01	-6.479816e+02
5.930000e-06	-3.568378e-09	-1.918554e-09	-1.910935e+01	-6.688377e+02
5.940000e-06	-3.653574e-09	-1.977697e-09	-1.956526e+01	-6.893718e+02
5.950000e-06	-3.738473e-09	-2.035481e-09	-2.001957e+01	-7.094251e+02
5.960000e-06	-3.823079e-09	-2.091989e-09	-2.047235e+01	-7.290580e+02
5.970000e-06	-3.907388e-09	-2.147819e-09	-2.092354e+01	-7.484889e+02
5.980000e-06	-3.991384e-09	-2.202991e-09	-2.137311e+01	-7.676177e+02
5.990000e-06	-4.075066e-09	-2.257296e-09	-2.182105e+01	-7.863954e+02
6.000000e-06	-4.158478e-09	-2.310942e-09	-2.226753e+01	-8.049514e+02
6.010000e-06	-4.241645e-09	-2.363846e-09	-2.271268e+01	-8.232603e+02
6.020000e-06	-4.324570e-09	-2.415865e-09	-2.315655e+01	-8.412846e+02
6.030000e-06	-4.407217e-09	-2.467395e-09	-2.359899e+01	-8.591629e+02
6.040000e-06	-4.489573e-09	-2.518297e-09	-2.403993e+01	-8.767949e+02
6.050000e-06	-4.571622e-09	-2.567615e-09	-2.447921e+01	-8.938448e+02
6.060000e-06	-4.653373e-09	-2.615428e-09	-2.491687e+01	-9.103902e+02
6.070000e-06	-4.734812e-09	-2.662547e-09	-2.535287e+01	-9.267242e+02
6.080000e-06	-4.815942e-09	-2.709251e-09	-2.578717e+01	-9.429046e+02
6.090000e-06	-4.896802e-09	-2.755470e-09	-2.621999e+01	-9.588826e+02
6.100000e-06	-4.977384e-09	-2.800800e-09	-2.665131e+01	-9.745837e+02
6.110000e-06	-5.057638e-09	-2.844948e-09	-2.708082e+01	-9.899131e+02
6.120000e-06	-5.137489e-09	-2.888458e-09	-2.750827e+01	-1.005005e+03
6.130000e-06	-5.216896e-09	-2.931468e-09	-2.793339e+01	-1.019873e+03
6.140000e-06	-5.295862e-09	-2.973278e-09	-2.835622e+01	-1.034284e+03
6.150000e-06	-5.374423e-09	-3.013925e-09	-2.877680e+01	-1.048296e+03
6.160000e-06	-5.452585e-09	-3.054226e-09	-2.919507e+01	-1.062217e+03
6.170000e-06	-5.530312e-09	-3.094514e-09	-2.961096e+01	-1.076153e+03
6.180000e-06	-5.607538e-09	-3.134583e-09	-3.002414e+01	-1.090025e+03
6.190000e-06	-5.684216e-09	-3.174115e-09	-3.043441e+01	-1.103737e+03
6.200000e-06	-5.760346e-09	-3.212873e-09	-3.084181e+01	-1.117177e+03
6.210000e-06	-5.835952e-09	-3.251040e-09	-3.124647e+01	-1.130401e+03
6.220000e-06	-5.911105e-09	-3.288715e-09	-3.164880e+01	-1.143389e+03
6.230000e-06	-5.985861e-09	-3.325472e-09	-3.204903e+01	-1.156023e+03
6.240000e-06	-6.060227e-09	-3.361340e-09	-3.244710e+01	-1.168396e+03
6.250000e-06	-6.134167e-09	-3.396561e-09	-3.284292e+01	-1.180550e+03
6.260000e-06	-6.207663e-09	-3.431087e-09	-3.323640e+01	-1.192489e+03
6.270000e-06	-6.280775e-09	-3.465326e-09	-3.362784e+01	-1.204382e+03
6.280000e-06	-6.353538e-09	-3.499234e-09	-3.401738e+01	-1.216159e+03
6.290000e-06	-6.425945e-09	-3.532103e-09	-3.440504e+01	-1.227507e+03
6.300000e-06	-6.497922e-09	-3.563948e-09	-3.479045e+01	-1.238494e+03
6.310000e-06	-6.569402e-09	-3.595552e-09	-3.517319e+01	-1.249415e+03
6.320000e-06	-6.640359e-09	-3.627010e-09	-3.555317e+01	-1.260257e+03
6.330000e-06	-6.710783e-09	-3.657842e-09	-3.593029e+01	-1.270884e+03
6.340000e-06	-6.780655e-09	-3.688024e-09	-3.630436e+01	-1.281304e+03
6.350000e-06	-6.849989e-09	-3.717871e-09	-3.667555e+01	-1.291647e+03
6.360000e-06	-6.918793e-09	-3.747606e-09	-3.704398e+01	-1.301979e+03
6.370000e-06	-6.987074e-09	-3.777198e-09	-3.740957e+01	-1.312240e+03
6.380000e-06	-7.054851e-09	-3.806163e-09	-3.777249e+01	-1.322260e+03
6.390000e-06	-7.122132e-09	-3.834270e-09	-3.813288e+01	-1.331963e+03
6.400000e-06	-7.188981e-09	-3.861973e-09	-3.849095e+01	-1.341523e+03
6.410000e-06	-7.255407e-09	-3.889707e-09	-3.884676e+01	-1.351104e+03
6.420000e-06	-7.321344e-09	-3.917296e-09	-3.919999e+01	-1.360636e+03
6.430000e-06	-7.386769e-09	-3.944090e-09	-3.955043e+01	-1.369865e+03
6.440000e-06	-7.451721e-09	-3.970047e-09	-3.989829e+01	-1.378849e+03
6.450000e-06	-7.516217e-09	-3.995880e-09	-4.024367e+01	-1.387847e+03
6.460000e-06	-7.580202e-09	-4.021836e-09	-4.058637e+01	-1.396855e+03
6.470000e-06	-7.643630e-09	-4.047297e-09	-4.092617e+01	-1.405646e+03
6.480000e-06	-7.706470e-09	-4.071754e-09	-4.126276e+01	-1.414096e+03
6.490000e-06	-7.768670e-09	-4.095533e-09	-4.159582e+01	-1.422327e+03
6.500000e-06	-7.830217e-09	-4.119210e-09	-4.192536e+01	-1.430504e+03
6.510000e-06	-7.891157e-09	-4.142507e-09	-4.225163e+01	-1.438527e+03
6.520000e-06	-7.951520e-09	-4.164963e-09	-4.257485e+01	-1.446271e+03
6.530000e-06	-8.011310e-09	-4.186915e-09	-4.289511e+01	-1.453868e+03
6.540000e-06	-8.070578e-09	-4.208727e-09	-4.321261e+01	-1.461429e+03
6.550000e-06	-8.129373e-09	-4.230271e-09	-4.352752e+01	-1.468898e+03
6.560000e-06	-8.187636e-09	-4.251387e-09	-4.383951e+01	-1.476216e+03
6.570000e-06	-8.245301e-09	-4.272164e-09	-4.414827e+01	-1.483431e+03
6.580000e-06	-8.302404e-09	-4.292348e-09	-4.445396e+01	-1.490435e+03
6.590000e-06	-8.358962e-09	-4.311678e-09	-4.475670e+01	-1.497112e+03
6.600000e-06	-8.414942e-09	-4.330804e-09	-4.505649e+01	-1.503693e+03
6.610000e-06	-8.470290e-09	-4.349993e-09	-4.535296e+01	-1.510298e+03
6.620000e-06	-8.524952e-09	-4.368646e-09	-4.564560e+01	-1.516739e+03
6.630000e-06	-8.578862e-09	-4.386909e-09	-4.593427e+01	-1.523068e+03
6.640000e-06	-8.631981e-09	-4.405306e-09	-4.621870e+01	-1.529463e+03
6.650000e-06	-8.684329e-09	-4.423377e-09	-4.649889e+01	-1.535730e+03
6.660000e-06	-8.735988e-09	-4.440730e-09	-4.677547e+01	-1.541728e+03
6.670000e-06	-8.787051e-09	-4.457870e-09	-4.704892e+01	-1.547653e+03
6.680000e-06	-8.837488e-09	-4.474707e-09	-4.731905e+01	-1.553437e+03
6.690000e-06	-8.887184e-09	-4.490689e-09	-4.758533e+01	-1.558915e+03
6.700000e-06	-8.936063e-09	-4.506460e-09	-4.784722e+01	-1.564348e+03
6.710000e-06	-8.984120e-09	-4.522506e-09	-4.810449e+01	-1.569880e+03
6.720000e-06	-9.031387e-09	-4.538248e-09	-4.835758e+01	-1.575316e+03
6.730000e-06	-9.077964e-09	-4.553841e-09	-4.860712e+01	-1.580750e+03
6.740000e-06	-9.123942e-09	-4.569578e-09	-4.885348e+01	-1.586243e+03
6.750000e-06	-9.169341e-09	-4.584790e-09	-4.909674e+01	-1.591498e+03
6.760000e-06	-9.214186e-09	-4.599226e-09	-4.933696e+01	-1.596439e+03
6.770000e-06	-9.258498e-09	-4.613450e-09	-4.957436e+01	-1.601324e+03
6.780000e-06	-9.302304e-09	-4.627661e-09	-4.980908e+01	-1.606242e+03
6.790000e-06	-9.345605e-09	-4.641732e-09	-5.004106e+01	-1.611130e+03
6.800000e-06	-9.388337e-09	-4.655581e-09	-5.026993e+01	-1.615943e+03
6.810000e-06	-9.430455e-09	-4.669117e-09	-5.049554e+01	-1.620637e+03
6.820000e-06	-9.471926e-09	-4.682409e-09	-5.071770e+01	-1.625222e+03
6.830000e-06	-9.512761e-09	-4.695242e-09	-5.093639e+01	-1.629626e+03
6.840000e-06	-9.553013e-09	-4.707577e-09	-5.115198e+01	-1.633883e+03
6.850000e-06	-9.592695e-09	-4.719717e-09	-5.136455e+01	-1.638084e+03
6.860000e-06	-9.631728e-09	-4.731568e-09	-5.157361e+01	-1.642170e+03
6.870000e-06	-9.669917e-09	-4.742916e-09	-5.177807e+01	-1.646095e+03
6.880000e-06	-9.707161e-09	-4.753899e-09	-5.197750e+01	-1.649932e+03
6.890000e-06	-9.743585e-09	-4.764857e-09	-5.217263e+01	-1.653767e+03
6.900000e-06	-9.779374e-09	-4.775474e-09	-5.236446e+01	-1.657437e+03
6.910000e-06	-9.814592e-09	-4.785637e-09	-5.255314e+01	-1.660913e+03
6.920000e-06	-9.849179e-09	-4.795747e-09	-5.273833e+01	-1.664365e+03
6.930000e-06	-9.883053e-09	-4.805636e-09	-5.291976e+01	-1.667766e+03
6.940000e-06	-9.916232e-09	-4.815181e-09	-5.309746e+01	-1.671087e+03
6.950000e-06	-9.948779e-09	-4.824484e-09	-5.327180e+01	-1.674320e+03
6.960000e-06	-9.980739e-09	-4.833345e-09	-5.344302e+01	-1.677409e+03
6.970000e-06	-1.001209e-08	-4.841755e-09	-5.361087e+01	-1.680330e+03
6.980000e-06	-1.004262e-08	-4.850049e-09	-5.377409e+01	-1.683189e+03
6.990000e-06	-1.007211e-08	-4.858166e-09	-5.393172e+01	-1.686024e+03
7.000000e-06	-1.010071e-08	-4.866225e-09	-5.408469e+01	-1.688845e+03
7.010000e-06	-1.012865e-08	-4.874215e-09	-5.423439e+01	-1.691558e+03
7.020000e-06	-1.015599e-08	-4.881856e-09	-5.438082e+01	-1.694139e+03
7.030000e-06	-1.018264e-08	-4.889445e-09	-5.452347e+01	-1.696778e+03
7.040000e-06	-1.020855e-08	-4.897151e-09	-5.466217e+01	-1.699483e+03
7.050000e-06	-1.023372e-08	-4.904566e-09	-5.479671e+01	-1.702037e+03
7.060000e-06	-1.025819e-08	-4.911197e-09	-5.492766e+01	-1.704286e+03
7.070000e-06	-1.028213e-08	-4.917387e-09	-5.505595e+01	-1.706442e+03
7.080000e-06	-1.030552e-08	-4.923648e-09	-5.518122e+01	-1.708661e+03
7.090000e-06	-1.032807e-08	-4.929944e-09	-5.530186e+01	-1.710906e+03
7.100000e-06	-1.034958e-08	-4.935990e-09	-5.541686e+01	-1.713004e+03
7.110000e-06	-1.037017e-08	-4.941640e-09	-5.552701e+01	-1.714881e+03
7.120000e-06	-1.039011e-08	-4.947352e-09	-5.563379e+01	-1.716804e+03
7.130000e-06	-1.040947e-08	-4.953429e-09	-5.573740e+01	-1.718895e+03
7.140000e-06	-1.042813e-08	-4.959268e-09	-5.583724e+01	-1.720921e+03
7.150000e-06	-1.044610e-08	-4.964294e-09	-5.593338e+01	-1.722691e+03
7.160000e-06	-1.046335e-08	-4.969032e-09	-5.602568e+01	-1.724362e+03
7.170000e-06	-1.047990e-08	-4.973805e-09	-5.611417e+01	-1.726045e+03
7.180000e-06	-1.049588e-08	-4.978014e-09	-5.619978e+01	-1.727505e+03
7.190000e-06	-1.051124e-08	-4.981812e-09	-5.628193e+01	-1.728805e+03
7.200000e-06	-1.052557e-08	-4.985860e-09	-5.635837e+01	-1.730170e+03
7.210000e-06	-1.053871e-08	-4.989945e-09	-5.642851e+01	-1.731499e+03
7.220000e-06	-1.055094e-08	-4.993879e-09	-5.649386e+01	-1.732846e+03
7.230000e-06	-1.056243e-08	-4.997869e-09	-5.655526e+01	-1.734295e+03
7.240000e-06	-1.057319e-08	-5.001612e-09	-5.661270e+01	-1.735663e+03
7.250000e-06	-1.058325e-08	-5.004565e-09	-5.666642e+01	-1.736746e+03
7.260000e-06	-1.059258e-08	-5.006947e-09	-5.671626e+01	-1.737621e+03
7.270000e-06	-1.060115e-08	-5.009312e-09	-5.676207e+01	-1.738434e+03
7.280000e-06	-1.060913e-08	-5.011605e-09	-5.680479e+01	-1.739157e+03
7.290000e-06	-1.061653e-08	-5.013713e-09	-5.684435e+01	-1.739828e+03
7.300000e-06	-1.062305e-08	-5.015919e-09	-5.687906e+01	-1.740550e+03
7.310000e-06	-1.062848e-08	-5.018188e-09	-5.690791e+01	-1.741308e+03
7.320000e-06	-1.063298e-08	-5.020233e-09	-5.693194e+01	-1.742081e+03
7.330000e-06	-1.063687e-08	-5.022050e-09	-5.695279e+01	-1.742832e+03
7.340000e-06	-1.064018e-08	-5.023423e-09	-5.697040e+01	-1.743372e+03
7.350000e-06	-1.064277e-08	-5.024088e-09	-5.698426e+01	-1.743605e+03
7.360000e-06	-1.064471e-08	-5.024271e-09	-5.699463e+01	-1.743618e+03
7.370000e-06	-1.064587e-08	-5.024432e-09	-5.700078e+01	-1.743577e+03
